# Created by Octave 3.2.4, Fri Nov 19 00:24:24 2010 IST <teju@vimzard>
# name: C
# type: sparse matrix
# nnz: 6058
# rows: 100
# columns: 2354
80 2 1
7 3 1
40 3 1
82 6 3
99 7 1
62 9 2
83 12 1
29 14 1
33 14 1
51 14 2
47 18 1
22 22 1
25 22 1
26 22 1
42 22 1
44 22 1
52 22 1
63 22 1
78 22 1
87 22 1
97 22 1
54 23 2
57 23 1
70 23 1
92 23 1
36 24 1
49 24 1
50 24 1
54 24 1
55 24 1
72 24 1
24 25 1
25 25 1
32 25 1
72 25 1
14 26 1
75 28 4
15 30 1
45 30 1
50 30 1
62 30 1
82 30 1
89 30 1
44 31 1
51 31 2
52 31 1
87 31 1
100 32 1
44 34 1
97 34 1
73 35 1
80 35 1
44 38 1
60 38 1
83 38 2
87 38 1
8 39 1
32 39 1
58 39 1
83 39 1
94 39 1
54 40 1
89 40 1
93 40 1
53 41 1
54 41 1
80 41 1
84 41 1
90 41 1
100 42 1
33 46 1
77 46 1
40 47 1
54 47 1
55 47 1
62 47 1
79 47 1
5 48 1
13 48 1
14 48 5
29 48 3
32 48 1
36 48 1
44 48 3
51 48 4
52 48 2
66 48 3
73 48 1
77 48 2
95 48 1
51 49 1
66 49 2
1 50 2
11 50 1
12 51 2
14 51 3
78 51 1
12 53 1
33 53 1
42 56 1
76 57 1
82 58 1
25 61 1
1 63 1
14 63 1
72 63 1
9 65 2
16 65 1
29 65 1
39 65 1
63 65 1
69 65 1
76 65 1
79 65 1
89 67 2
27 68 1
33 68 1
66 68 1
97 68 1
9 71 3
14 71 1
24 71 2
25 71 1
27 71 1
33 71 1
37 71 1
49 71 1
50 71 1
68 71 3
100 71 1
12 72 2
14 72 1
29 72 2
47 72 3
51 72 10
75 72 1
76 72 1
78 72 2
100 72 7
14 74 2
39 74 9
52 74 1
70 74 11
42 75 1
76 75 1
78 75 1
96 76 1
34 77 2
32 80 2
60 80 1
14 82 1
24 82 1
83 82 1
94 82 1
100 82 1
9 84 1
23 84 1
34 84 1
56 84 1
75 84 1
77 84 1
85 84 1
89 84 1
4 86 1
14 86 1
20 86 1
25 86 2
28 86 1
37 86 1
38 86 1
40 86 1
44 86 2
52 86 2
53 86 1
56 86 1
62 86 1
64 86 1
72 86 2
78 86 1
82 86 2
84 86 1
86 86 1
87 86 1
89 86 1
91 86 1
94 86 1
96 86 1
97 86 1
100 86 2
9 89 1
44 89 1
49 89 1
52 89 1
57 89 1
80 89 1
82 89 1
97 89 1
100 89 1
76 90 1
82 90 1
85 90 1
14 93 1
100 93 3
50 94 1
33 95 1
9 96 1
14 96 1
19 96 1
15 97 1
13 98 3
25 99 1
32 99 1
73 99 1
62 101 1
91 101 1
10 103 1
15 103 1
16 103 1
21 103 1
25 103 1
29 103 1
30 103 2
35 103 1
36 103 1
39 103 2
42 103 1
46 103 1
47 103 4
49 103 1
51 103 1
52 103 1
56 103 2
57 103 1
60 103 1
64 103 1
65 103 1
67 103 1
73 103 1
77 103 2
84 103 1
90 103 1
92 103 3
94 103 1
99 103 1
5 104 1
6 104 1
34 104 1
49 104 2
12 105 1
28 105 1
72 105 1
78 105 3
93 105 1
16 106 1
72 106 1
31 107 1
38 107 1
41 107 1
70 107 1
77 107 1
88 107 1
89 107 1
14 108 1
41 109 1
76 109 1
80 109 1
1 110 1
9 110 1
25 110 1
27 110 1
32 110 4
48 110 5
56 110 3
57 110 2
58 110 3
64 110 2
69 110 4
70 110 1
82 110 1
97 110 1
51 112 4
11 115 1
12 115 1
43 115 1
44 115 1
87 115 1
76 117 1
16 118 1
19 118 1
99 118 1
67 121 1
83 121 1
8 122 1
80 122 2
7 123 1
34 123 1
58 123 1
64 123 1
70 123 1
75 123 1
81 123 1
15 125 1
56 125 3
57 125 2
86 125 1
17 126 1
29 126 1
49 126 2
56 126 1
68 126 1
91 126 1
13 127 1
14 127 2
16 127 1
17 127 1
27 127 1
28 127 2
33 127 1
39 127 1
44 127 1
49 127 1
60 127 1
65 127 1
86 127 1
17 128 1
27 128 1
33 128 2
37 128 1
62 128 1
56 129 1
62 129 1
20 130 1
49 131 1
14 132 1
94 132 1
10 133 1
19 134 1
35 134 1
77 134 1
92 134 1
22 137 1
33 137 1
4 138 2
15 138 1
54 138 1
49 139 1
52 139 1
9 140 1
80 140 1
84 140 2
89 140 1
97 140 1
49 141 1
2 142 1
15 142 1
19 142 1
27 142 2
35 142 1
60 142 1
68 142 2
73 142 1
93 142 1
94 142 1
47 144 2
49 144 4
50 144 1
62 144 2
64 144 1
65 144 1
89 144 1
14 146 1
25 146 2
2 149 1
39 150 1
55 150 1
36 151 2
60 152 2
83 153 1
89 154 2
67 156 3
94 156 1
68 157 2
83 157 1
16 159 1
29 159 1
58 159 1
70 159 2
100 159 2
85 160 1
14 161 1
15 161 1
18 161 1
44 161 1
50 161 1
52 161 1
54 161 1
55 161 2
72 161 2
82 161 2
87 161 1
91 161 1
95 161 1
22 162 1
81 162 1
17 163 1
24 163 1
42 163 1
44 163 1
56 163 1
72 163 1
86 163 1
87 163 1
89 163 1
94 165 3
32 166 4
33 166 1
67 166 3
69 166 1
77 166 1
83 166 2
85 166 3
90 167 1
24 168 2
53 170 2
58 170 1
100 170 1
1 172 1
27 172 1
32 172 4
48 172 4
56 172 3
57 172 2
58 172 4
69 172 4
70 172 1
96 173 1
100 174 1
46 175 1
56 175 1
91 175 1
49 178 1
15 179 1
20 179 2
21 179 1
46 179 2
77 179 1
20 180 1
8 182 1
12 182 1
14 182 1
17 182 1
19 182 1
30 182 1
34 182 1
69 182 1
96 182 2
66 183 2
74 183 1
97 183 1
85 186 1
78 187 1
11 188 2
19 188 1
23 188 2
40 188 1
54 188 3
62 188 1
85 188 1
100 188 1
49 190 1
94 190 5
97 190 1
23 192 1
34 192 1
42 192 3
17 193 1
20 193 1
85 193 2
77 195 1
89 195 1
77 198 6
82 198 2
97 201 1
8 202 1
14 202 2
25 202 1
43 202 1
48 202 1
53 202 1
54 202 1
60 202 1
63 202 1
69 202 1
85 202 1
91 202 1
27 203 1
44 203 1
1 204 1
8 204 1
26 204 1
35 204 1
45 204 1
49 204 1
29 205 3
42 205 3
75 205 1
94 207 1
72 208 1
7 209 1
94 211 2
22 212 1
28 212 1
33 212 1
37 212 2
85 212 2
17 214 1
25 214 1
58 214 3
60 214 1
64 214 1
71 214 2
72 214 6
85 214 1
89 214 2
97 214 1
99 214 1
15 216 1
29 216 1
35 219 1
96 219 1
89 220 1
92 220 1
23 226 1
72 226 1
25 227 1
25 232 3
26 232 1
35 232 3
36 232 2
44 232 2
58 232 2
77 232 1
84 232 1
85 232 2
93 232 2
89 233 1
93 233 1
20 234 3
25 235 3
44 236 1
58 236 1
44 237 3
79 237 1
79 238 1
2 240 2
13 240 1
17 240 1
19 240 2
20 240 4
24 240 1
25 240 9
27 240 5
35 240 4
36 240 4
37 240 1
43 240 1
44 240 5
56 240 4
57 240 2
69 240 1
77 240 2
79 240 1
84 240 1
85 240 5
87 240 1
93 240 3
94 240 3
97 240 3
100 240 2
2 245 2
3 245 2
4 245 4
7 245 3
8 245 2
9 245 5
12 245 1
16 245 3
17 245 2
18 245 1
21 245 1
22 245 2
23 245 4
24 245 8
34 245 3
37 245 1
40 245 2
43 245 3
45 245 3
47 245 5
49 245 2
50 245 4
53 245 4
54 245 4
55 245 3
59 245 1
62 245 5
63 245 1
71 245 4
72 245 4
73 245 4
74 245 1
76 245 2
78 245 2
79 245 2
80 245 4
89 245 7
94 245 2
96 245 2
2 246 3
3 246 1
4 246 1
7 246 2
8 246 1
16 246 1
17 246 1
21 246 1
24 246 1
25 246 1
34 246 1
36 246 1
37 246 2
40 246 1
54 246 1
55 246 1
61 246 1
62 246 1
63 246 1
72 246 2
76 246 3
79 246 1
80 246 2
84 246 1
94 246 3
97 246 1
60 247 1
71 248 1
7 251 1
7 252 2
49 254 1
6 255 1
13 255 1
42 255 1
46 256 1
15 260 2
31 261 3
25 263 1
63 263 1
36 264 1
52 264 1
13 265 1
43 265 1
49 265 1
63 265 1
74 265 1
78 265 1
86 265 1
95 265 1
49 266 1
52 266 3
54 266 1
58 266 1
63 266 1
14 267 1
32 267 1
35 267 1
36 267 1
37 267 1
39 267 1
49 267 2
52 267 1
54 267 2
58 267 1
82 267 1
85 267 1
99 267 1
7 270 1
40 270 1
13 271 1
52 272 3
42 275 2
75 275 1
42 276 1
95 277 3
92 278 1
92 279 2
11 281 1
17 281 1
29 281 1
41 281 1
84 281 1
52 282 1
99 282 1
6 285 1
17 285 1
23 285 3
24 285 3
28 285 1
29 285 3
33 285 3
34 285 1
43 285 2
44 285 2
49 285 3
51 285 1
53 285 1
54 285 1
59 285 5
61 285 1
62 285 1
67 285 1
68 285 1
72 285 3
73 285 4
91 285 1
94 285 5
99 285 2
100 285 2
27 286 1
9 287 1
53 287 1
100 287 1
16 288 1
62 288 1
82 288 2
45 289 3
53 289 1
89 289 7
40 290 1
49 290 2
30 291 1
32 291 1
14 296 1
25 296 1
33 296 2
44 296 1
46 296 4
81 296 1
82 296 1
94 296 1
96 296 1
99 296 2
39 297 1
59 297 1
70 297 2
78 297 1
89 297 2
33 300 2
34 300 4
11 302 1
23 302 2
25 302 1
54 302 4
55 302 1
56 302 1
57 302 1
60 302 1
67 302 1
70 302 3
73 302 1
82 302 1
77 303 1
94 303 2
97 303 1
44 304 1
87 304 1
33 306 1
56 306 1
57 306 1
78 306 1
24 309 1
52 314 1
70 315 1
69 316 1
18 317 2
18 318 1
48 318 2
25 323 1
97 323 1
2 324 1
42 324 1
83 326 1
14 330 1
34 330 1
25 331 1
77 331 1
9 335 1
16 335 1
20 335 1
23 335 1
27 335 1
35 335 1
49 335 4
50 335 1
54 335 1
55 335 2
59 335 1
71 335 1
73 335 4
74 335 1
81 335 1
86 335 1
89 335 1
94 335 2
74 336 1
89 337 1
47 338 2
56 339 1
66 339 3
78 339 1
82 339 1
12 340 1
25 340 1
79 340 1
46 342 2
75 343 1
99 343 1
77 345 2
1 346 1
77 346 2
82 347 1
9 349 1
23 349 1
35 349 1
49 349 1
56 349 2
58 349 1
60 349 1
69 349 1
76 349 1
78 349 1
85 349 1
94 349 2
95 349 1
99 349 2
56 350 1
4 351 1
14 351 1
17 351 1
20 351 1
25 351 1
35 351 1
47 351 1
49 351 1
52 351 3
56 351 1
75 351 1
9 353 1
32 353 1
55 353 1
80 353 1
49 354 1
47 355 1
60 355 1
92 355 3
13 356 1
14 357 1
16 357 1
18 357 1
76 357 1
81 357 2
99 357 1
47 358 1
5 359 1
90 359 4
91 359 3
72 362 1
81 362 2
11 363 2
16 363 3
17 363 5
28 363 1
49 363 2
50 363 2
54 363 3
55 363 3
59 363 1
62 363 3
71 363 1
72 363 1
73 363 3
81 363 3
94 363 4
39 365 1
18 366 3
14 368 1
16 368 1
64 368 1
92 368 1
14 369 1
85 369 1
24 371 1
